1 8
2 8
3 8
4 8
5 8
6 6
7 8
8 8
9 6
10 6
11 6
12 6
13 6
14 6
15 6
16 6
17 34
18 6
19 6
20 6
21 34
22 34
23 7
24 7
25 9
26 7
27 9
28 42
29 42
30 42
31 42
32 42
33 24
34 42
35 42
36 42
37 42
38 42
39 42
40 42
41 42
42 42
43 42
44 34
45 10
46 34
47 34
48 11
49 36
50 36
51 36
52 5
53 5
54 5
55 5
56 5
57 31
58 30
59 32
60 30
61 32
62 32
63 32
64 33
65 2
66 2
67 43
68 43
69 43
70 43
71 43
72 33
73 1
74 1
75 1
76 1
77 1
78 20
79 20
80 20
81 20
82 20
83 20
84 20
85 3
86 3
87 3
88 3
89 3
90 3
91 3
92 3
93 3
94 3
95 3
96 16
97 16
98 15
99 15
100 15
101 15
102 15
103 15
104 15
105 15
106 4
107 4
108 4
109 4
110 4
111 4
112 4
113 3
114 3
115 3
116 3
117 3
118 25
119 31
120 25
121 25
122 25
123 5
124 5
125 25
126 25
127 5
128 5
129 5
130 5
131 5
132 5
133 4
134 4
135 4
136 4
137 4
138 4
139 4
140 4
141 4
142 4
143 6
144 6
145 6
146 6
147 6
148 6
149 4
150 4
151 4
152 17
153 17
154 17
155 19
156 19
157 15
158 15
159 15
160 15
161 5
162 5
163 9
164 10
165 9
166 9
167 9
168 9
169 9
170 9
171 7
172 7
173 7
174 7
175 7
176 8
177 8
178 8
179 8
180 8
181 34
182 34
183 34
184 34
185 34
186 34
187 34
188 34
189 34
190 34
191 34
192 34
193 34
194 34
195 34
196 34
197 34
198 34
199 34
200 34
201 34
202 34
203 37
204 37
205 37
206 37
207 10
208 10
209 10
210 10
211 10
212 10
213 10
214 10
215 10
216 10
217 10
218 10
219 9
220 10
221 10
222 10
223 10
224 7
225 10
226 7
227 10
228 10
229 9
230 10
231 10
232 10
233 10
234 10
235 7
236 7
237 10
238 10
239 10
240 7
241 7
242 7
243 10
244 7
245 7
246 7
247 9
248 9
249 9
250 9
251 9
252 9
253 9
254 9
255 7
256 9
257 38
258 38
259 1
260 1
261 7
262 7
263 9
264 9
265 9
266 9
267 9
268 9
269 9
270 9
271 9
272 9
273 9
274 9
275 9
276 9
277 38
278 7
279 38
280 7
281 38
282 9
283 9
284 9
285 9
286 9
287 9
288 9
289 38
290 38
291 38
292 38
293 38
294 38
295 38
296 38
297 9
298 9
299 39
300 38
301 1
302 38
303 38
304 38
305 38
306 38
307 11
308 11
309 11
310 11
311 1
312 9
313 9
314 9
315 9
316 1
317 39
318 11
319 39
320 11
321 11
322 11
323 39
324 39
325 39
326 39
327 39
328 39
329 11
330 11
331 11
332 11
333 11
334 11
335 11
336 11
337 11
338 11
339 11
340 39
341 39
342 11
343 11
344 11
345 36
346 11
347 11
348 11
349 11
350 1
351 1
352 1
353 1
354 1
355 1
356 11
357 12
358 12
359 12
360 12
361 12
362 12
363 12
364 12
365 36
366 36
367 36
368 36
369 36
370 36
371 36
372 36
373 19
374 19
375 19
376 19
377 12
378 12
379 12
380 16
381 12
382 36
383 36
384 36
385 36
386 12
387 13
388 13
389 16
390 16
391 16
392 16
393 16
394 13
395 13
396 13
397 13
398 13
399 13
400 13
401 14
402 14
403 14
404 14
405 15
406 15
407 15
408 16
409 15
410 16
411 15
412 16
413 15
414 17
415 15
416 15
417 15
418 15
419 15
420 14
421 14
422 14
423 20
424 19
425 14
426 14
427 14
428 14
429 13
430 13
431 13
432 15
433 16
434 15
435 16
436 16
437 15
438 13
439 13
440 13
441 13
442 13
443 13
444 4
445 4
446 16
447 4
448 4
449 4
450 16
451 15
452 16
453 15
454 15
455 15
456 4
457 4
458 4
459 4
460 4
461 4
462 4
463 4
464 4
465 4
466 17
467 17
468 17
469 17
470 17
471 4
472 4
473 4
474 4
475 4
476 17
477 17
478 17
479 17
480 4
481 17
482 17
483 17
484 17
485 17
486 17
487 17
488 17
489 17
490 17
491 17
492 17
493 17
494 17
495 20
496 20
497 20
498 17
499 17
500 40
501 40
502 40
503 40
504 40
505 40
506 40
507 40
508 40
509 40
510 40
511 41
512 19
513 41
514 41
515 41
516 41
517 17
518 19
519 17
520 17
521 17
522 19
523 17
524 19
525 19
526 18
527 19
528 19
529 19
530 18
531 19
532 19
533 19
534 19
535 19
536 19
537 19
538 19
539 19
540 19
541 19
542 19
543 19
544 18
545 18
546 18
547 18
548 18
549 18
550 19
551 19
552 19
553 19
554 19
555 19
556 19
557 19
558 19
559 19
560 19
561 19
562 19
563 19
564 19
565 19
566 19
567 19
568 19
569 19
570 19
571 19
572 19
573 19
574 20
575 20
576 20
577 14
578 20
579 20
580 14
581 20
582 20
583 20
584 20
585 20
586 21
587 21
588 21
589 21
590 21
591 21
592 21
593 41
594 41
595 41
596 41
597 41
598 41
599 41
600 41
601 41
602 41
603 18
604 41
605 41
606 41
607 41
608 41
609 23
610 41
611 41
612 24
613 20
614 22
615 22
616 21
617 22
618 22
619 22
620 22
621 22
622 20
623 20
624 20
625 20
626 21
627 21
628 21
629 24
630 21
631 21
632 21
633 21
634 21
635 21
636 41
637 23
638 23
639 23
640 23
641 23
642 23
643 23
644 23
645 41
646 41
647 41
648 41
649 41
650 41
651 41
652 41
653 41
654 41
655 5
656 5
657 23
658 23
659 23
660 41
661 23
662 23
663 23
664 23
665 24
666 24
667 24
668 24
669 41
670 23
671 23
672 23
673 24
674 24
675 24
676 24
677 24
678 24
679 24
680 24
681 24
682 24
683 24
684 24
685 24
686 24
687 24
688 24
689 24
690 24
691 24
692 5
693 5
694 5
695 25
696 25
697 25
698 25
699 25
700 25
701 25
702 25
703 25
704 31
705 5
706 31
707 31
708 31
709 31
710 31
711 31
712 26
713 26
714 26
715 26
716 26
717 28
718 26
719 26
720 26
721 26
722 26
723 26
724 26
725 26
726 26
727 26
728 26
729 26
730 27
731 27
732 28
733 28
734 28
735 28
736 28
737 28
738 28
739 28
740 28
741 28
742 28
743 28
744 21
745 21
746 21
747 21
748 21
749 21
750 21
751 29
752 28
753 29
754 29
755 29
756 29
757 29
758 29
759 29
760 29
761 29
762 29
763 29
764 29
765 30
766 29
767 29
768 29
769 30
770 21
771 30
772 30
773 30
774 30
775 30
776 30
777 30
778 32
779 30
780 30
781 30
782 30
783 30
784 30
785 30
786 30
787 30
788 30
789 30
790 30
791 30
792 30
793 30
794 30
795 30
796 30
797 30
798 30
799 30
800 30
801 30
802 30
803 30
804 30
805 30
806 30
807 30
808 30
809 31
810 30
811 31
812 30
813 30
814 30
815 31
816 3
817 32
818 30
819 32
820 32
821 32
822 32
823 32
824 32
825 32
826 32
827 32
828 32
829 32
830 2
831 2
832 2
833 2
834 2
835 2
836 2
837 2
838 2
839 2
840 2
841 43
842 43
843 43
844 43
845 43
846 33
847 33
848 33
849 33
850 33
851 33
852 33
853 33
854 33
855 33
856 33
857 33
858 33
859 33
860 33
861 33
862 33
863 33
864 33
865 33
866 33
867 33
868 33
869 33
870 33
871 33
872 33
873 33
874 33
875 33
876 33
877 44
878 44
879 44
880 44
881 44
882 44
883 44
884 44
885 44
886 44
887 44
888 44
889 44
890 44
891 44
892 44
893 44
894 44
895 44
896 44
897 44
898 44
899 44
900 3
901 3
902 3
903 3
904 3
905 3
906 3
907 19
908 19
909 19
910 6
911 6
912 6
913 6
914 6
915 6
916 1
917 1
918 1
919 7
920 7
921 7
922 7
923 6
924 6
925 6
926 4
927 4
928 4
929 34
930 34
931 34
932 34
933 9
934 34
935 9
936 34
937 9
938 12
939 36
940 12
941 9
942 12
943 35
944 12
945 35
946 16
947 9
948 9
949 36
950 36
951 36
952 12
953 12
954 12
955 10
956 7
957 7
958 12
959 10
960 10
961 10
962 13
963 13
964 10
965 10
966 10
967 10
968 10
969 10
970 10
971 10
972 10
973 10
974 15
975 9
976 10
977 9
978 7
979 10
980 9
981 9
982 38
983 38
984 10
985 12
986 12
987 9
988 15
989 15
990 9
991 24
992 24
993 15
994 15
995 9
996 9
997 9
998 9
999 9
1000 9
1001 13
1002 16
1003 16
1004 25
1005 25
1006 25
1007 38
1008 38
1009 7
1010 9
1011 9
1012 15
1013 16
1014 9
1015 15
1016 16
1017 4
1018 16
1019 4
1020 9
1021 9
1022 9
1023 38
1024 4
1025 4
1026 4
1027 38
1028 38
1029 9
1030 39
1031 12
1032 38
1033 11
1034 39
1035 38
1036 9
1037 38
1038 9
1039 11
1040 32
1041 39
1042 9
1043 11
1044 11
1045 15
1046 15
1047 38
1048 1
1049 38
1050 38
1051 11
1052 38
1053 9
1054 1
1055 12
1056 11
1057 9
1058 9
1059 11
1060 11
1061 12
1062 1
1063 39
1064 1
1065 11
1066 36
1067 1
1068 1
1069 36
1070 36
1071 11
1072 11
1073 15
1074 15
1075 35
1076 36
1077 36
1078 36
1079 1
1080 15
1081 35
1082 35
1083 35
1084 1
1085 36
1086 35
1087 12
1088 15
1089 36
1090 35
1091 12
1092 15
1093 12
1094 35
1095 35
1096 36
1097 36
1098 12
1099 16
1100 12
1101 35
1102 35
1103 16
1104 24
1105 24
1106 16
1107 36
1108 12
1109 16
1110 16
1111 16
1112 16
1113 16
1114 16
1115 16
1116 16
1117 16
1118 16
1119 15
1120 15
1121 13
1122 16
1123 16
1124 16
1125 15
1126 15
1127 15
1128 4
1129 4
1130 3
1131 4
1132 4
1133 4
1134 4
1135 4
1136 4
1137 15
1138 17
1139 17
1140 17
1141 19
1142 19
1143 19
1144 40
1145 19
1146 19
1147 40
1148 40
1149 40
1150 40
1151 40
1152 18
1153 19
1154 19
1155 19
1156 19
1157 19
1158 19
1159 19
1160 19
1161 19
1162 19
1163 19
1164 19
1165 19
1166 19
1167 19
1168 19
1169 18
1170 19
1171 19
1172 18
1173 18
1174 18
1175 18
1176 18
1177 18
1178 22
1179 14
1180 19
1181 19
1182 19
1183 19
1184 19
1185 19
1186 19
1187 19
1188 19
1189 19
1190 19
1191 19
1192 20
1193 22
1194 14
1195 14
1196 41
1197 41
1198 41
1199 21
1200 21
1201 22
1202 22
1203 21
1204 42
1205 21
1206 21
1207 41
1208 41
1209 23
1210 23
1211 41
1212 41
1213 41
1214 23
1215 41
1216 41
1217 41
1218 41
1219 41
1220 41
1221 41
1222 41
1223 41
1224 24
1225 23
1226 24
1227 24
1228 24
1229 24
1230 24
1231 24
1232 24
1233 24
1234 5
1235 5
1236 5
1237 42
1238 42
1239 42
1240 42
1241 42
1242 42
1243 5
1244 5
1245 5
1246 5
1247 5
1248 5
1249 5
1250 5
1251 5
1252 5
1253 5
1254 5
1255 5
1256 5
1257 25
1258 25
1259 25
1260 25
1261 25
1262 25
1263 25
1264 25
1265 25
1266 25
1267 26
1268 25
1269 25
1270 25
1271 25
1272 25
1273 26
1274 26
1275 29
1276 29
1277 26
1278 26
1279 26
1280 26
1281 26
1282 29
1283 26
1284 29
1285 26
1286 26
1287 26
1288 26
1289 26
1290 26
1291 27
1292 26
1293 26
1294 26
1295 28
1296 28
1297 28
1298 27
1299 27
1300 27
1301 28
1302 29
1303 21
1304 29
1305 29
1306 29
1307 29
1308 30
1309 30
1310 30
1311 30
1312 30
1313 30
1314 30
1315 30
1316 30
1317 30
1318 30
1319 30
1320 30
1321 30
1322 30
1323 30
1324 30
1325 30
1326 30
1327 30
1328 30
1329 31
1330 2
1331 2
1332 32
1333 2
1334 2
1335 2
1336 2
1337 2
1338 2
1339 2
1340 2
1341 33
1342 33
1343 33
1344 43
1345 43
1346 33
1347 33
1348 33
1349 43
1350 44
1351 43
1352 43
1353 43
1354 43
1355 33
1356 43
1357 33
1358 33
1359 33
1360 33
1361 43
1362 43
1363 44
1364 43
1365 33
1366 43
1367 33
1368 33
1369 33
1370 33
1371 33
1372 33
1373 33
1374 33
1375 33
1376 33
1377 33
1378 33
1379 33
1380 33
1381 44
1382 44
1383 44
1384 44
1385 44
1386 44
1387 44
1388 44
1389 44
1390 44
1391 44
1392 44
1393 44
1394 44
1395 44
1396 44
1397 44
1398 44
1399 44
1400 44
1401 44
1402 44
1403 44
1404 44
1405 44
1406 44
1407 44
1408 44
1409 44
1410 44
1411 44
1412 44
1413 44
1414 44
1415 44
1416 44
1417 44
1418 44
1419 44
1420 44
1421 44
1422 44
1423 44
1424 44
1425 44
1426 44
