1 4 189
2 4 21
3 4 57
4 1 171
5 1 15
2 7 1092
6 7 30
7 2 1194
3 2 276
8 2 66
1 5 39
9 5 15
10 144 1323
11 144 597
12 15 180
13 15 240
14 15 297
12 924 18
15 12 144
16 12 60
17 12 15
18 12 480
19 12 240
12 16 93
20 16 51
12 17 6
21 17 15
22 186 12
23 240 204
24 240 15
25 219 39
26 219 141
27 219 21
28 32 57
29 32 153
30 32 48
31 32 21
32 28 117
29 28 99
33 28 33
31 28 315
34 28 180
35 1237 1131
36 1237 477
37 1237 438
38 41 1104
39 41 81
37 41 345
40 41 1539
41 38 408
31 1238 27
41 39 27
42 39 126
43 39 117
43 1242 336
44 198 15
45 198 36
21 198 15
46 198 57
47 198 105
48 345 321
49 345 207
50 345 24
51 345 18
52 131 396
53 131 294
54 131 48
55 131 291
56 131 171
57 815 6
58 778 36
59 778 276
60 778 21
61 778 204
62 778 114
63 778 42
64 71 294
65 71 51
66 71 1113
67 71 1416
68 71 15
69 71 42
70 71 192
71 64 285
72 64 222
70 64 171
73 352 21
74 352 189
75 352 12
76 352 510
77 316 6
78 574 171
79 574 9
80 574 9
81 574 12
82 584 162
83 584 99
84 584 6
85 905 270
86 905 24
87 905 441
88 113 51
89 113 30
90 113 141
91 94 237
92 94 144
93 94 357
89 94 189
94 91 195
92 91 66
88 91 42
95 91 144
93 91 54
96 1015 315
97 1015 60
98 1015 4644
99 1015 186
100 453 1821
101 453 42
102 453 9
103 453 195
98 1045 1569
99 1045 24
104 1045 594
105 1045 3891
106 1045 777
107 149 14862
108 149 3033
109 149 3939
110 149 1113
111 149 1803
112 149 1497
94 92 135
91 92 15
93 92 162
113 88 6
91 88 39
114 88 18
91 95 153
115 95 186
116 95 282
117 95 339
114 95 54
95 115 330
118 120 357
119 704 18
120 118 498
121 118 21
122 118 156
118 1244 117
123 1244 894
124 1244 789
125 1244 2040
126 1244 453
119 705 102
127 705 6
55 705 39
128 161 156
129 161 954
130 161 336
123 161 18
131 52 207
132 52 99
54 52 63
133 462 13860
134 462 519
111 462 48
135 462 930
136 462 2001
137 462 45
138 462 600
139 926 948
140 926 474
141 926 123
142 926 45
143 911 15
10 145 342
143 145 774
144 10 549
145 10 636
146 10 114
13 10 78
14 10 624
147 913 45
148 913 12
145 915 87
143 915 12
11 915 66
147 914 24
149 107 1266
108 107 6351
150 107 30
151 107 129
137 107 18756
152 466 9
153 466 1197
154 466 81
155 568 696
156 568 48
157 451 48
158 451 192
159 451 3429
160 451 153
161 128 1080
130 128 69
162 128 279
54 128 831
56 128 582
94 93 138
91 93 33
92 93 396
163 229 6
164 229 7896
165 229 24
166 229 18
167 229 1323
168 229 675
169 229 15
170 229 2382
171 244 2625
172 244 261
173 244 135
174 244 3360
175 244 666
24 244 651
176 177 18
2 176 276
177 176 129
178 176 123
4 3 171
176 3 30
176 178 672
179 178 123
2 8 297
179 8 51
180 8 45
181 934 2127
182 934 264
183 934 738
184 934 732
185 934 402
186 22 708
187 22 342
188 22 6
189 22 48
190 22 6
182 936 36
185 936 153
189 936 2235
191 936 153
192 929 474
191 929 4482
193 929 1662
194 929 828
195 192 537
196 192 450
197 192 1122
198 44 30
199 44 1815
47 44 6
197 44 330
44 199 843
22 187 15
200 187 330
22 202 9
200 202 849
190 202 48
201 202 1416
187 200 345
202 200 18
203 206 345
204 206 276
205 206 1002
206 203 447
206 204 126
207 204 24
208 204 6
209 964 99
198 45 33
210 45 132
209 45 69
45 210 33
211 210 66
204 211 27
210 211 72
212 211 246
207 211 63
213 220 534
214 220 75
215 220 102
216 220 399
217 979 168
218 979 2226
219 25 183
163 25 1017
26 25 9
27 25 57
220 213 351
221 213 1038
216 213 432
213 221 210
222 221 360
223 221 714
222 969 132
214 955 15
224 955 252
215 955 201
225 955 6
226 955 9
227 233 240
214 233 1233
228 233 39
229 163 33
25 163 549
230 163 48
231 163 180
27 163 564
232 959 612
233 227 150
228 227 285
234 227 798
235 241 30
226 241 66
236 241 6
164 243 117
230 243 2817
237 243 5055
238 976 123
234 976 168
217 976 3072
239 976 753
240 978 60
241 978 282
236 978 306
242 978 27
229 164 99
243 164 7890
230 164 6
168 164 24
240 171 48
244 171 369
245 171 678
242 171 1392
246 171 1335
25 26 45
246 26 75
229 165 3222
166 165 4101
27 165 1968
247 165 180
248 165 2151
249 165 2124
250 165 5691
229 166 5235
169 166 4950
250 166 378
251 935 54
252 935 510
250 935 204
253 935 666
254 935 39
255 998 5121
256 998 774
257 311 552
258 311 312
259 311 129
260 311 6
244 172 4794
255 172 1371
175 172 42
261 172 1110
262 172 72
172 255 4848
256 255 891
263 933 441
264 933 534
256 933 42
265 933 1137
266 933 51
267 933 1884
268 272 720
269 272 72
270 272 45
271 272 6
249 272 12756
272 268 63
269 268 210
249 268 12
273 268 21
274 268 564
275 268 165
272 269 15
268 269 15
276 269 54
275 269 528
277 1007 1290
278 1007 60
279 1007 333
280 1007 174
281 1007 24
282 288 165
263 288 222
283 288 1251
284 288 36
285 288 945
286 288 90
287 288 123
288 282 2541
263 282 123
284 282 120
287 282 6
289 300 33
290 982 816
277 982 273
291 982 24
292 983 12
293 983 327
294 1032 15
295 1032 594
296 1032 5904
284 977 1344
287 977 2520
297 977 12618
298 977 489
299 977 7119
300 289 147
257 289 312
258 289 843
301 289 129
302 289 351
303 1050 2574
296 1050 786
304 1050 1275
305 1050 210
306 1050 771
307 322 600
308 322 2223
309 322 1758
310 322 117
311 257 234
289 257 600
258 257 126
312 1053 393
313 1053 117
314 1053 306
315 1053 738
311 258 54
289 258 498
316 301 471
289 301 15
77 301 45
317 1063 162
318 1063 351
319 1063 9
320 1063 234
321 1063 36
322 307 288
309 307 6
323 327 438
324 327 15831
325 327 255
326 327 3762
327 323 3489
326 323 2883
328 323 36
329 323 552
330 1033 1461
331 1033 330
332 1033 2703
319 1033 627
325 1033 15
320 1033 30
321 1033 23601
333 1033 57
334 1039 27
335 1039 429
331 1039 1017
336 1039 87
318 1039 519
333 1039 75
337 1039 9
338 1039 153
339 1039 1371
330 1034 1437
332 1034 54
340 1034 1704
341 1034 405
342 1034 123
343 347 54
344 347 66
342 347 273
345 48 303
335 48 57
346 48 219
337 48 105
50 48 2829
347 343 69
330 343 9
348 343 4314
331 334 219
338 334 858
349 334 120
350 1079 288
77 1079 960
351 1079 132
76 1079 12
352 73 273
75 73 60
353 73 6
354 73 36
355 73 183
356 361 321
357 361 24
358 361 78
359 361 315
360 361 93
361 938 333
362 938 2364
363 938 1275
358 938 294
359 938 303
364 938 189
360 938 2127
365 372 798
366 372 378
367 372 11709
368 372 1137
369 372 558
370 372 6
371 372 12
372 365 11502
370 365 711
373 567 30
374 567 309
375 567 747
376 567 1179
377 985 435
378 985 15687
379 985 2523
380 985 375
381 985 10443
362 939 297
382 939 1092
383 939 48
384 939 594
385 939 243
386 1108 111
387 394 6
388 394 510
389 1114 1449
390 1114 7728
391 1114 471
392 1114 1815
393 1114 11250
394 387 504
388 387 12
395 387 2022
396 387 534
397 387 357
398 387 1173
394 388 807
387 388 699
399 388 789
396 388 252
400 388 17397
401 420 54
402 420 108
403 420 57
404 420 45
405 415 135
406 415 621
407 415 96
408 1012 117
409 1012 480
410 1012 75
411 1012 1551
412 1012 99
413 1012 4536
414 1138 78
415 988 159
416 988 69
417 988 144
418 988 96
419 988 57
420 401 48
421 401 21
404 401 630
422 401 387
423 580 135
424 580 30
425 580 174
426 580 141
427 580 15
428 580 6
429 1121 465
430 1121 33
388 399 117
400 399 279
431 399 150
432 452 1110
98 452 1851
433 452 2889
434 452 2814
435 452 10530
158 452 2910
436 452 1050
437 452 1014
438 1001 219
439 1001 888
440 1001 327
441 1001 744
431 1001 408
430 1001 252
442 1001 450
443 1001 9
444 1131 540
445 1131 771
446 1002 3180
447 1002 54
440 438 105
96 1016 3864
448 1016 1002
446 1016 156
449 1016 2748
447 1016 390
450 1016 15387
451 432 435
452 432 612
157 432 936
437 432 102
453 100 15
454 100 756
455 100 507
456 1024 6
108 1024 2919
457 1024 396
458 1132 345
459 1132 54
444 1132 201
460 1132 51
461 1132 78
462 133 153
138 133 318
461 133 27
463 133 13437
462 134 6
464 134 582
465 134 18
466 152 1824
467 152 45
468 152 18
469 152 39
154 152 258
470 152 1164
453 927 171
471 927 270
139 927 186
102 927 12
135 927 66
136 927 126
472 927 1347
465 927 510
473 927 9
103 927 96
474 927 483
475 927 570
154 153 426
476 153 396
477 153 1434
478 153 90
152 467 1794
468 467 6489
479 467 2289
455 1137 15
480 1136 258
140 1136 1902
467 468 2217
469 468 4383
481 468 75
467 479 408
468 479 618
482 479 1206
469 479 90
481 479 1434
140 479 84
479 482 204
469 482 30
481 482 213
140 482 612
142 482 204
152 469 1446
479 469 741
482 469 48
483 469 3405
469 483 504
470 483 2511
484 483 342
485 517 138
486 517 39
487 471 102
488 498 735
489 498 117
490 498 156
491 498 654
485 1139 18
478 1139 1152
492 1139 117
493 1139 45
494 1139 153
495 578 732
79 578 132
80 578 489
81 578 258
496 578 204
497 578 288
498 488 855
485 488 534
499 488 9
470 488 735
490 488 9
491 488 114
494 488 24
500 508 72
501 508 216
502 508 6
503 508 57
504 508 234
505 500 57
506 500 105
507 500 21
500 505 36
500 506 90
508 501 51
509 501 72
500 507 6
510 507 294
511 507 33
507 510 363
512 518 30
509 1151 450
507 511 6
513 511 252
514 511 18
509 511 36
515 511 33
516 511 216
517 485 27
488 485 90
499 485 513
478 485 57
518 522 6
512 522 66
488 499 897
485 499 72
519 499 18
490 499 249
484 499 729
520 499 645
521 499 336
522 519 72
499 519 51
523 519 891
512 519 123
484 519 36
519 523 540
518 512 48
519 512 36
524 512 123
525 533 39
526 533 15
527 533 300
528 533 12
529 533 12
530 533 165
531 1156 111
532 1156 105
533 525 309
531 525 294
534 525 9
535 525 27
529 525 165
531 1157 843
532 1157 636
536 1157 81
537 1157 48
538 560 6
539 560 975
540 1168 264
541 1168 2064
542 1168 192
543 1168 33
530 526 24
526 1152 36
544 1152 108
509 1152 27
545 1152 21
546 1152 21
547 1152 9
526 544 21
548 544 492
549 544 327
550 554 174
551 554 327
552 554 240
553 554 153
554 550 345
551 550 1863
555 550 201
553 550 111
556 550 570
557 550 504
558 550 6
559 550 777
560 538 1155
561 538 519
562 538 57
563 538 12
564 538 57
565 1145 48
566 1145 33
553 1145 579
556 1145 33
567 373 2130
374 373 36
543 373 54
568 155 570
569 155 108
570 155 465
571 155 81
572 155 573
542 155 399
573 1191 15
376 1191 33
402 577 1257
540 577 99
541 577 252
403 577 42
574 78 39
575 78 105
576 78 60
84 78 120
81 78 27
497 78 57
420 402 201
577 402 396
421 402 1467
403 402 42
578 495 48
423 495 123
496 495 18
497 495 81
579 495 480
580 423 81
495 423 69
581 423 15
582 423 126
496 423 45
583 423 72
423 581 42
575 581 9
423 582 102
579 582 54
584 575 15
78 575 60
581 575 12
82 575 87
585 575 12
586 1199 240
587 1199 339
588 1199 1446
589 1199 789
590 630 138
591 630 9
592 630 33
511 513 87
593 513 285
594 513 219
595 513 99
513 593 135
513 594 294
596 594 117
596 598 414
597 598 195
594 596 417
598 596 441
598 597 354
599 597 120
600 597 447
597 602 1059
599 602 186
601 602 171
602 599 279
599 604 267
603 604 6
604 611 591
605 611 429
606 611 1230
607 611 72
608 636 237
609 636 15
610 636 324
611 605 45
612 605 12
584 82 207
575 82 138
613 82 156
82 613 51
585 613 30
614 620 150
615 620 231
616 620 18
617 620 294
618 620 105
619 620 258
620 614 18
615 614 69
621 614 24
620 615 108
614 615 54
621 615 162
619 615 54
584 83 150
622 83 162
623 624 51
624 623 90
622 623 30
625 623 63
620 616 45
626 616 12
590 616 45
627 616 69
616 626 57
627 626 210
628 626 126
629 626 9
630 590 42
616 590 51
631 590 6
632 590 276
616 627 36
626 627 201
633 627 6
634 627 30
635 627 138
626 628 384
629 628 27
586 628 453
592 628 147
636 641 93
637 641 825
638 641 834
639 641 1011
609 641 345
640 641 2268
641 637 660
642 637 177
643 637 543
644 637 495
637 642 9
637 643 177
29 643 6
33 643 6
645 1212 84
646 1212 45
647 1212 135
648 1196 195
646 1196 552
647 1196 1455
649 1196 36
650 1197 2259
651 1197 1368
652 1197 810
653 1197 171
654 1197 153
161 129 114
130 129 660
655 129 267
123 129 1137
656 129 1485
657 1214 216
658 1214 204
659 1214 549
660 1214 105
609 1214 6525
661 662 837
659 662 222
662 661 93
663 661 5241
609 661 432
664 1225 57
665 612 390
666 612 453
667 612 12
668 612 48
636 1222 246
669 1223 192
610 1223 1455
661 663 615
670 663 1245
609 663 3306
641 638 2607
671 638 132
672 638 543
609 638 1200
664 638 1212
626 629 9
628 629 27
673 629 69
674 629 684
32 29 12
28 29 66
33 29 33
612 665 384
673 665 561
668 665 18
675 665 33
676 665 363
28 33 33
643 33 6
677 33 36
665 681 213
678 681 6
679 681 33
680 681 30
681 678 660
679 678 711
680 678 294
682 678 6
675 678 144
683 678 6
684 1227 624
685 1227 582
686 1227 324
687 1227 45
688 1227 90
33 677 282
689 677 219
690 677 549
684 1228 921
685 1228 144
676 1228 555
691 1228 204
629 673 69
665 673 6
674 673 1365
629 674 666
665 674 705
673 674 1050
161 130 42
128 130 135
129 130 516
655 130 195
56 130 423
53 1243 135
655 1243 276
692 1243 189
693 1243 1434
56 1243 129
694 1255 21
118 121 114
695 121 126
696 121 96
697 1004 201
698 1004 864
699 1004 6
700 1004 339
701 1004 30
702 1004 321
703 1004 243
704 119 9
705 119 6
706 119 54
707 119 207
119 706 105
707 706 171
708 706 339
709 706 57
710 706 150
119 707 51
706 707 150
708 711 6
710 711 45
706 708 168
711 708 27
710 708 369
712 718 33
713 718 675
714 718 30
714 1267 1797
715 1267 1551
716 1267 390
712 727 168
717 727 42
718 1293 33
719 1293 39
720 1286 72
721 1286 711
722 1286 513
723 1286 480
724 1286 846
725 1286 36
726 1286 30
727 712 210
722 712 900
728 712 24
729 712 150
730 1298 129
731 1298 153
727 717 12
732 717 6
733 717 27
717 732 27
734 732 21
733 732 84
735 732 9
736 741 315
734 741 180
737 741 111
738 741 198
739 741 219
740 741 66
741 736 495
742 736 192
743 736 201
740 736 9
590 746 6
631 746 99
744 746 48
745 746 285
746 631 12
591 631 6
630 591 36
747 591 84
748 591 33
749 591 57
750 591 48
751 753 30
752 753 15
753 751 321
754 751 126
755 751 285
756 751 66
757 751 90
751 754 78
758 754 99
759 754 99
760 754 54
761 1306 813
762 1306 1080
763 1306 162
764 768 267
765 768 111
766 768 27
767 768 15
768 764 306
762 764 207
763 764 144
767 764 15
591 747 96
769 747 9
770 747 177
768 765 15
771 765 51
772 765 6
747 769 51
771 769 24
773 769 6
765 771 75
769 771 105
772 771 102
774 771 189
775 771 255
776 771 18
771 772 303
777 772 81
776 773 6
778 784 9
779 784 36
58 785 66
780 785 12
781 785 69
782 785 33
779 785 306
783 785 321
778 58 165
784 58 45
785 58 9
785 780 24
786 780 93
787 780 192
783 780 285
785 781 666
58 781 222
60 781 114
782 781 1005
788 781 129
789 781 60
790 781 87
791 810 201
776 810 75
782 810 6
788 810 144
792 810 6
793 810 9
794 1313 1029
795 1313 12
796 1313 36
797 1313 60
798 1313 960
799 1313 45
800 1326 360
801 1326 246
802 1326 63
803 1326 786
804 1326 339
805 1326 1386
60 1328 144
806 1328 372
807 1328 174
791 1327 108
808 1327 9
793 1327 135
706 709 12
809 709 105
791 811 66
57 811 9
809 811 222
810 791 114
811 791 54
812 791 30
813 791 162
814 791 201
809 1329 204
815 57 9
811 57 6
791 812 18
816 812 6
778 59 300
62 59 168
781 60 6
817 60 51
818 60 198
819 1040 33
820 1040 69
821 824 15
822 824 12
823 824 48
824 821 135
817 821 159
825 821 78
826 821 399
823 821 24
827 821 9
60 817 87
821 817 117
828 817 222
829 817 105
825 817 9
827 817 6
829 1332 612
830 831 93
829 831 183
831 830 240
832 830 84
71 65 6
833 65 69
834 65 75
835 65 147
836 65 129
66 65 1245
837 840 435
838 840 963
839 840 312
840 837 993
839 837 12
66 837 111
841 1345 672
842 1345 3999
843 1345 204
844 1366 54
845 1366 210
64 857 471
115 857 117
846 857 234
847 857 2211
848 857 117
849 857 234
850 1359 270
851 1359 252
852 1359 357
846 1359 114
847 1359 186
853 1359 861
846 1365 6
854 1365 57
855 1365 261
856 1365 12
857 72 471
858 72 195
849 72 222
859 864 297
860 864 321
861 864 621
862 864 111
863 864 96
864 859 210
865 859 315
866 859 468
863 859 30
867 859 51
868 859 948
865 872 231
869 872 3024
870 872 2142
871 872 648
859 865 315
872 865 2385
866 865 153
867 865 48
873 869 3024
874 869 18
869 873 18
875 873 1977
876 873 468
877 1384 33
878 1384 1002
879 1397 12
880 1397 54
881 1396 13098
882 1396 801
883 1396 1128
879 1398 1269
884 1398 15
885 1398 63
880 1398 693
886 1406 741
887 1406 1203
888 1406 1026
889 1406 3165
890 1406 93
891 1406 2067
892 1411 9
893 1411 240
894 897 555
895 897 162
896 897 246
897 894 831
896 894 981
898 894 708
899 894 1116
812 816 30
900 816 6
900 904 18
901 904 138
85 904 12
902 904 33
87 904 24
89 904 45
113 900 162
816 900 177
903 900 57
904 901 126
85 901 21
87 901 9
905 85 141
904 85 27
901 85 279
902 85 474
87 85 57
95 116 75
115 116 27
95 117 447
88 114 24
95 114 141
906 114 180
114 906 267
533 527 39
528 527 21
524 527 99
907 527 15
908 527 141
909 527 573
531 527 267
512 528 24
533 528 18
12 18 447
178 179 672
8 179 465
180 179 519
178 180 204
179 180 333
5 9 39
910 9 18
911 912 15
910 912 168
9 910 75
912 910 27
7 6 66
146 6 21
913 147 30
914 147 51
145 143 189
915 143 96
912 143 228
10 146 150
6 146 105
13 146 75
916 1054 789
917 1054 42
260 1054 15
918 1054 30
74 1054 3057
14 923 306
174 173 108
919 173 1053
920 173 2949
921 173 6
922 173 162
144 11 1740
915 11 390
15 13 327
146 13 195
148 13 270
15 14 342
10 14 336
923 14 438
13 14 111
20 14 156
924 148 18
913 148 102
13 148 456
925 148 282
148 925 576
926 139 57
927 139 114
141 139 90
474 139 96
475 139 12
928 139 438
929 195 309
192 195 1284
194 195 243
12 19 366
17 21 18
198 21 9
930 21 15
46 21 27
21 930 18
931 930 15
198 46 6
21 46 195
932 46 9
181 46 21
930 931 351
932 931 369
46 932 36
931 932 957
181 932 201
188 932 66
16 20 237
14 20 234
223 970 24
220 214 1221
233 214 1122
228 214 30
230 214 42
933 263 1056
288 263 264
282 263 6
283 263 156
266 263 48
933 264 9
934 181 681
46 181 936
932 181 942
184 181 6
935 251 1203
169 251 30
170 251 57
250 251 9
934 182 2196
936 182 27
184 182 57
185 182 1506
191 182 654
198 47 846
193 47 159
934 183 54
188 183 135
934 184 207
181 184 141
182 184 66
22 188 741
932 188 45
183 188 69
185 188 57
189 188 252
284 270 6105
937 270 123
266 270 21
938 362 2613
939 362 705
940 362 153
377 362 264
382 362 1056
364 362 42
360 362 306
934 185 1221
936 185 15
182 185 369
188 185 339
941 1057 9
315 1057 24
22 189 648
936 189 165
188 189 873
936 191 2784
929 191 750
182 191 4206
194 191 258
942 1100 42
943 1100 1260
944 1100 279
945 1100 1671
946 1100 24
929 193 1527
47 193 1350
929 194 5286
195 194 1803
191 194 2607
190 194 2814
947 987 144
948 987 927
170 987 234
252 987 21
202 190 2283
191 190 6
194 190 72
192 196 399
44 196 1524
384 1107 6
385 1107 1155
949 1107 546
950 1107 57
951 1107 351
194 197 2823
196 197 2139
952 1093 27
953 1093 243
378 1093 9
954 1093 3303
379 1093 345
202 201 945
235 956 42
955 224 159
956 224 111
957 224 450
226 224 27
224 957 234
382 940 21
359 940 60
958 940 129
360 940 30
370 940 1086
206 205 849
959 232 849
960 232 120
961 232 450
397 395 11598
398 395 1221
962 395 252
963 395 279
429 395 216
400 395 2175
964 209 489
45 209 165
211 212 315
211 207 129
208 207 72
965 207 30
207 208 72
966 208 48
965 208 138
208 966 378
965 968 129
967 968 444
215 968 15
207 965 78
208 965 204
968 965 549
967 965 33
222 965 135
968 967 273
965 967 321
224 235 72
220 215 12
221 222 186
969 222 240
965 222 789
216 222 240
220 216 78
213 216 726
222 216 762
221 223 111
970 223 141
955 225 834
230 225 6
231 225 1026
224 226 471
245 226 6
236 226 9
233 228 843
227 228 117
971 228 96
214 971 1122
228 971 933
972 971 333
230 971 279
288 283 81
267 283 108
285 283 1863
971 972 3393
230 972 2331
973 972 36
237 972 75
163 230 633
243 230 12
214 230 279
225 230 1020
972 230 3222
231 230 54
237 230 132
405 989 60
974 989 171
407 989 1206
411 989 57
225 231 1053
230 231 21
972 973 150
237 973 174
238 973 522
234 973 447
171 245 6
226 245 678
243 237 525
972 237 2394
973 237 849
238 237 4692
272 271 13230
269 271 747
284 271 2772
276 271 1677
975 271 153
976 238 4371
973 238 99
237 238 96
234 238 717
282 284 3057
977 284 7218
263 284 1446
270 284 468
271 284 6192
266 284 2241
287 284 588
297 284 9
227 234 585
973 234 696
238 234 129
241 236 126
978 236 21
979 217 2700
976 217 384
239 217 42
269 276 60
271 276 159
980 276 768
275 276 90
981 276 258
979 239 108
217 239 333
218 239 300
164 167 6
168 167 1152
948 167 12
978 242 888
171 242 489
982 290 33
983 290 6
292 290 60
279 290 444
239 218 153
984 218 2109
219 27 303
25 27 915
165 27 627
985 377 1287
362 377 1377
364 377 351
378 377 45
986 377 852
381 377 450
232 960 1242
984 960 99
229 168 12
167 168 12
947 168 705
948 168 63
218 984 177
960 984 1527
987 947 33
168 947 87
948 947 6
388 396 192
398 396 60
400 396 126
408 1013 7254
391 1013 1032
392 1013 267
433 1013 3396
171 246 780
26 246 87
229 169 4383
166 169 6
251 169 159
232 961 105
372 366 105
369 366 483
987 948 9
168 948 21
947 948 42
229 170 51
251 170 9
987 170 1722
169 170 165
252 170 39
415 405 9
988 405 159
989 405 1038
411 405 336
417 405 2547
165 247 141
249 247 66
990 247 276
292 23 9
279 23 9
678 1226 954
991 1226 9
992 1226 24
680 1226 69
682 1226 189
165 248 2193
247 248 201
249 248 1035
935 252 219
251 252 207
987 252 501
988 416 165
993 416 51
417 416 1254
994 416 63
418 416 1275
165 249 5592
272 249 747
268 249 393
270 249 1047
247 249 153
248 249 1773
273 249 2109
990 249 1341
250 249 9450
995 249 5031
256 249 555
265 249 36
937 249 9336
268 273 111
250 273 99
254 273 1236
996 273 777
249 990 120
995 990 729
165 250 6102
166 250 6741
935 250 54
251 250 1920
249 250 183
273 250 66
244 174 138
173 174 4026
175 174 420
935 253 39
254 253 21
997 253 75
998 995 5829
999 1021 1203
1000 1021 816
286 1021 261
998 256 864
933 256 399
249 256 303
990 256 156
995 256 798
265 256 387
266 256 60
935 254 600
253 254 51
997 254 138
996 254 6
1001 439 1059
1002 439 6
1003 439 528
430 439 30
443 439 873
244 175 1542
172 175 2337
174 175 102
262 175 336
921 175 363
249 265 288
256 265 1053
937 265 99
266 265 2025
253 997 12
254 997 12
996 997 24
1004 697 1152
699 697 624
701 697 984
1005 697 381
1006 697 180
703 697 69
240 24 315
1007 24 126
23 24 6
278 24 15
279 24 360
244 919 651
173 919 15
920 919 12
278 919 243
280 919 174
1008 1027 276
172 261 6
262 261 174
270 937 5304
249 937 1053
265 937 2415
273 996 93
254 996 6
997 996 243
274 996 93
175 262 18
261 262 6
1007 277 162
982 277 963
281 277 9
996 274 66
275 274 51
919 920 468
921 920 15
922 920 15
1009 920 2790
288 1022 381
285 1022 348
286 1022 441
287 1022 9
1010 1022 24
1011 1022 567
298 1022 21
276 980 384
275 980 204
300 292 72
23 292 156
173 921 291
175 921 4500
920 921 741
922 921 33
1007 278 6
24 278 6
919 278 201
280 278 36
1012 408 6468
1013 408 1710
410 408 606
412 408 354
433 408 27
1014 1020 15
1000 1020 219
933 266 3450
270 266 81
1015 96 126
1016 96 690
97 96 4122
99 96 309
1017 96 180
435 96 2292
450 96 69
1018 96 72
1019 96 357
1007 279 90
290 279 192
24 279 195
292 279 573
921 922 5991
933 267 66
283 267 1104
268 275 321
274 275 57
1015 97 3879
96 97 180
98 97 141
1018 97 336
436 97 438
1020 1014 963
999 1014 6
920 1009 177
922 1009 6438
280 1009 819
294 1009 1389
939 382 87
362 382 1680
940 382 276
370 382 777
384 382 870
1021 999 783
1014 999 1425
278 280 69
1009 280 1542
283 285 81
1022 285 264
1007 281 2223
277 281 96
1023 281 33
1024 456 507
108 456 4284
1025 456 303
1026 456 1272
1027 1035 1173
294 1035 3846
1008 1035 24
295 1035 5403
1014 1000 336
48 335 3246
337 335 234
339 335 195
51 335 78
281 1023 2418
294 1023 1467
1028 1023 1644
1021 286 2583
1022 286 21
1029 286 9
1030 286 30
271 975 792
981 975 615
1031 942 132
1032 294 981
1023 294 5658
1028 294 9
1033 330 20526
1034 330 24
332 330 7977
325 330 951
341 330 10083
1027 1008 9
1035 1008 7476
276 981 9
980 981 810
975 981 84
1036 981 300
297 981 57
288 287 9
977 287 150
284 287 699
1022 287 207
1010 287 1809
281 1028 624
1023 1028 597
294 1028 828
1037 1028 2133
791 813 39
981 1036 870
1038 1036 57
982 291 618
983 291 882
1037 291 9
1022 1010 975
287 1010 9
1033 331 996
1039 331 840
334 331 954
332 331 30
321 331 159
349 331 1959
1040 819 141
820 819 39
828 819 354
822 819 21
826 819 6
1022 1042 441
1011 1042 3456
298 1042 480
299 1042 189
1041 1042 33
286 1029 87
1011 1029 195
1022 1011 588
286 1011 2679
1042 1011 18
1029 1011 654
1030 1011 54
977 297 4506
271 297 12195
284 297 3066
975 297 1572
1038 297 714
312 297 1212
313 297 711
1028 1037 1272
291 1037 1872
303 1037 1194
1036 1038 399
297 1038 3564
312 1038 534
344 1051 9
329 1051 231
1043 1051 24
1044 1051 3816
1015 98 1476
1045 98 2745
452 98 390
436 98 1266
437 98 1557
1046 98 1482
105 98 3273
983 293 141
291 293 66
1047 293 6
1032 295 5511
1008 295 744
977 298 6
287 298 264
1010 298 12
1042 298 609
1029 1030 195
1011 1030 300
1041 1030 174
451 157 4041
437 157 681
257 1052 477
304 1052 444
306 1052 609
1048 1052 18
917 1052 855
1049 1052 900
1050 303 1083
1037 303 2814
1047 303 1302
302 303 1563
304 303 2094
977 299 11532
1042 299 3921
1041 299 7062
1032 296 744
1050 296 3306
295 296 129
304 296 210
305 296 1851
289 1047 123
293 1047 1044
303 1047 21
302 1047 6
347 344 198
343 344 3867
1051 344 18
348 344 387
328 344 162
1042 1041 201
1030 1041 456
299 1041 15630
324 1041 6000
289 302 966
1047 302 120
1050 304 246
1052 304 3045
303 304 279
1050 305 1242
296 305 210
306 305 60
1053 312 1338
297 312 657
313 312 9
315 312 255
1054 916 24
74 916 336
75 916 291
819 820 84
822 820 96
825 820 6
1053 313 21
1050 306 117
1052 306 156
305 306 108
1048 306 405
1033 332 4296
330 332 19890
331 332 3738
348 332 34983
1055 332 3891
1056 332 828
1053 314 6
315 314 9
1057 941 54
315 941 1098
1058 941 120
322 308 12753
336 308 159
1059 308 6192
346 308 57
337 308 1665
330 348 12
344 348 114
332 348 50523
1060 348 765
342 348 45
1044 348 783
1055 348 12873
1061 348 81
306 1048 291
1062 1048 117
917 1048 213
1049 1048 54
1048 1062 492
1063 317 312
324 317 69
319 317 213
318 1065 120
1039 336 6
308 336 17382
318 336 60
337 336 3960
327 324 21
1041 324 15621
317 324 900
319 324 309
325 324 6075
1054 917 216
1052 917 981
1048 917 9
1062 917 843
1049 917 279
260 917 2376
918 917 774
1064 917 87
1063 318 120
1065 318 549
336 318 22068
333 318 1140
307 309 525
310 309 33
1066 309 498
1053 315 591
1057 315 150
312 315 264
314 315 135
941 315 381
1052 1049 81
917 1049 36
260 1049 891
311 259 39
260 259 51
350 259 453
308 1059 2019
346 1059 1920
310 1059 4203
1063 319 654
1033 319 228
317 319 51
324 319 570
325 319 72
320 319 216
327 325 10770
1033 325 279
330 325 3351
324 325 675
319 325 396
326 325 16518
341 325 3504
941 1058 567
311 260 1362
1054 260 51
1049 260 87
259 260 1206
351 260 2271
74 260 138
1063 320 18
318 320 132
319 320 126
321 320 108
333 320 408
48 346 192
335 346 78
308 346 348
336 346 36
1059 346 1971
310 346 3834
337 346 108
50 346 306
1054 918 4167
917 918 4431
1064 918 261
1067 918 420
1068 918 105
1033 321 201
319 321 174
320 321 87
333 321 22761
1016 448 231
449 448 156
457 448 618
1019 448 294
309 310 3315
1059 310 213
346 310 1971
1066 310 282
50 310 1863
1039 333 390
318 333 23184
320 333 471
321 333 9
1039 337 2829
335 337 2274
346 337 366
1015 99 96
1045 99 4572
96 99 300
1017 99 1254
1046 99 213
918 1064 3951
1067 1064 87
327 326 762
325 326 17865
340 326 6
341 326 9663
301 350 288
259 350 30
260 350 12
351 350 249
309 1066 390
310 1066 399
1069 1066 2790
50 1066 255
1070 1066 246
323 328 3051
1034 328 1818
344 328 1809
329 328 249
1039 338 36
334 338 6
1071 338 306
339 338 192
356 338 249
1072 338 381
357 338 27
1073 1092 9
1074 1092 33
105 1092 15
348 1060 3708
1044 1060 54
1075 1060 2250
1061 1060 591
1051 329 3747
328 329 1566
1075 329 1401
323 340 36
1034 340 6
326 340 1881
1051 1043 219
344 1043 1722
328 1043 561
1034 341 696
330 341 13023
325 341 9390
326 341 510
340 341 222
338 1071 90
49 1071 129
339 1071 57
51 1071 270
1072 1071 222
918 1067 5139
1064 1067 4242
1069 1067 339
1068 1067 1851
354 1067 804
345 49 507
1071 49 6
1076 49 117
50 49 246
1070 49 48
1072 49 9
1077 49 66
1078 49 120
301 77 471
1079 77 12
1079 351 2109
260 351 2160
350 351 681
1066 1069 387
1067 1069 1422
1070 1069 9
353 1069 585
354 1069 4515
1077 1069 276
1034 342 273
347 342 60
343 342 444
330 342 6
348 342 51
352 74 51
1079 74 96
916 74 33
351 74 2841
49 1076 27
51 1076 360
1072 1076 9
1078 1076 366
367 1076 78
345 50 69
48 50 141
346 50 1971
1066 50 2679
1070 50 5970
1054 1068 51
916 1068 285
1067 1068 9
75 1068 1272
1051 1044 60
344 1044 96
348 1044 3498
1060 1044 888
329 1044 87
1039 339 96
335 339 966
338 339 213
1071 339 312
51 339 396
96 1017 2649
99 1017 5529
108 1017 3153
106 1017 1857
150 1017 339
352 75 297
73 75 9
916 75 18
1068 75 36
1066 1070 489
1069 1070 4350
50 1070 3834
353 1070 177
1077 1070 2061
334 349 474
332 349 120
1056 349 36
356 349 1572
357 349 417
1045 104 12
1080 104 444
1081 1095 1197
1082 1095 255
943 1095 51
1083 1095 6
1069 353 15
354 353 252
355 353 357
1077 353 123
1084 353 390
73 354 156
1067 354 4206
1069 354 318
353 354 222
355 354 27
73 355 1029
353 355 9
354 355 18
1077 355 18
1084 355 24
1085 355 156
1060 1075 30
1044 1075 24
1086 1075 2643
1087 1075 129
952 1075 681
335 51 69
1071 51 246
49 51 408
332 1055 1935
348 1055 13884
1056 1055 417
363 1055 16845
349 1056 207
357 1056 45
358 1056 648
104 1080 12
1073 1080 1875
105 1080 30
1088 1080 48
352 76 51
74 76 9
361 356 294
338 356 420
349 356 156
1072 356 432
357 356 78
1089 356 1137
338 1072 207
1071 1072 219
1076 1072 60
356 1072 15
1089 1072 18
359 1072 15
1070 1077 5283
353 1077 567
355 1077 765
1084 1077 12
1078 1077 723
1085 1077 735
368 1077 660
361 357 105
349 357 9
1056 357 27
356 357 414
358 357 141
348 1061 291
1060 1061 228
1075 1061 360
1055 1061 14700
363 1061 1038
1087 1061 1650
364 1061 17244
355 1084 42
1077 1084 9
938 363 3921
1055 363 12
1061 363 16296
358 363 1791
364 363 24
372 1078 1317
49 1078 864
1076 1078 57
50 1078 1971
1077 1078 6906
367 1078 816
361 358 573
938 358 123
1056 358 66
357 358 744
363 358 57
359 358 1056
1090 1086 2253
1075 1087 15
1061 1087 10911
952 1087 1656
378 1087 12654
372 367 1842
1076 367 795
1072 367 96
1078 367 9921
1089 367 528
958 367 15
1091 367 12
370 367 39
1092 1073 783
1080 1073 24
1088 1073 756
102 1073 2172
355 1085 198
1077 1085 30
1084 1085 12
368 1085 186
356 1089 285
1072 1089 21
367 1089 1086
359 1089 12
1091 1089 48
372 368 93
1077 368 162
1085 368 660
369 368 51
361 359 129
356 359 114
958 359 660
1091 359 582
360 359 15
940 958 21
367 958 45
359 958 219
1091 958 57
370 958 597
366 369 6
1093 952 1281
1075 952 63
1087 952 219
953 952 645
378 952 6
1086 1090 132
1094 1090 2043
938 364 651
362 364 174
377 364 12
1061 364 54
363 364 2862
1087 364 12531
378 364 3495
819 828 30
822 828 51
63 828 480
826 828 27
827 828 117
1093 953 72
952 953 33
954 953 120
1089 1091 432
958 1091 24
361 360 6
938 360 27
362 360 99
940 360 1296
359 360 336
824 822 54
819 822 810
820 822 132
828 822 336
825 822 180
826 822 147
823 822 402
985 378 14127
1093 378 3051
377 378 3120
1087 378 11001
952 378 582
364 378 18
1090 1094 318
1081 1094 1674
1095 1081 567
1094 1081 720
943 1081 786
942 1031 273
954 1031 87
944 1031 6
365 370 12240
382 370 1866
367 370 9
958 370 234
1091 370 54
1096 370 3639
384 370 15
1093 954 30
953 954 33
1031 954 693
379 954 6
944 954 2274
366 371 774
939 383 810
986 383 1221
385 383 1038
949 383 18
951 383 252
370 1096 879
371 1096 1197
1097 1096 1092
1095 1082 63
943 1082 114
1083 1082 84
985 379 378
1093 379 21
378 379 264
954 379 27
1098 379 1647
1099 379 66
1100 943 171
942 943 48
1095 943 1635
1082 943 495
945 943 219
1083 943 612
1101 943 1053
384 1097 39
950 1097 1377
1100 944 3042
942 944 351
954 944 36
1098 944 402
386 944 90
377 986 825
383 986 2118
381 986 309
951 986 165
379 1098 306
944 1098 930
386 1098 717
1099 1098 54
379 380 78
1099 380 1227
943 945 2772
946 945 45
1102 945 222
1103 945 39
992 991 6
1104 991 42
668 991 18
682 991 6
1105 991 111
1082 1083 36
1101 1083 42
939 384 117
370 384 14274
1097 384 960
949 384 12
985 381 13755
986 381 2004
1106 381 10641
389 381 1983
939 385 783
1107 385 318
383 385 972
384 385 24
949 385 225
985 1106 6
380 1106 1512
381 1106 11778
389 1106 10650
1108 386 252
944 386 861
1098 386 390
946 386 153
1107 949 327
384 949 171
385 949 777
950 949 426
1107 950 1554
384 950 14637
949 950 1116
389 950 2133
386 1111 198
1099 1111 492
1109 1111 6
1110 1111 606
943 1101 144
1083 1101 399
1102 1101 57
1107 951 252
383 951 201
950 951 6
389 951 6
380 1099 129
1106 1099 270
386 1099 588
1111 1099 1200
1109 1099 624
1112 1099 165
1108 946 300
1100 946 672
944 946 84
945 946 1887
386 946 399
1103 946 2709
1110 946 1248
1113 946 120
945 1102 48
1101 1102 99
1114 389 14967
1107 389 381
986 389 93
1106 389 13545
950 389 4686
951 389 138
1109 389 987
390 389 405
393 389 13515
1111 1109 99
1099 1109 573
389 1109 6
1112 1109 135
390 1109 63
392 1109 228
946 1103 1923
1102 1103 336
1113 1103 111
1111 1110 465
946 1110 2409
1112 1110 939
1113 1110 408
391 1110 2394
415 406 6
1109 1112 66
1110 1112 2451
392 1112 840
389 390 7488
387 397 3774
946 1113 381
1103 1113 258
1110 1113 42
391 1113 30
393 1117 342
1115 1117 564
1116 1117 357
1013 391 939
1110 391 1602
1113 391 735
410 391 54
1114 392 987
1013 392 366
1109 392 447
1112 392 2622
391 392 72
393 392 633
1114 393 5415
1013 393 9801
389 393 4164
1117 393 438
392 393 2934
1115 393 1956
1116 393 777
1118 393 14709
416 993 1332
994 993 2778
1119 993 873
434 993 183
1120 993 6
989 974 135
409 974 27
1012 409 60
974 409 492
410 409 6
1013 410 15
408 410 132
387 398 921
395 398 8769
400 398 177
395 962 2697
963 962 408
415 407 987
989 407 21
974 407 6
1012 411 168
989 411 663
405 411 21
409 411 549
413 411 528
395 963 6
429 963 6
1121 429 57
395 429 2778
963 429 150
400 429 276
441 429 27
431 429 6
1117 1115 486
393 1115 114
1122 1115 2916
1118 1115 1953
1003 1115 2796
1117 1116 621
393 1116 6
1121 1122 18
439 1122 69
1115 1122 324
1003 1122 441
399 400 462
396 400 336
398 400 7689
429 400 2745
441 400 303
431 400 12264
1117 1118 228
1115 1118 2043
1123 1118 618
1124 1118 16206
988 417 894
405 417 432
416 417 1626
994 417 6
1012 412 447
408 412 114
433 412 51
405 994 4377
993 994 1185
411 994 159
417 994 24
413 994 462
988 418 48
416 418 507
1119 418 369
101 418 888
419 418 1359
1012 413 417
411 413 465
994 413 4017
434 413 735
438 440 132
1025 440 384
393 1123 339
1118 1123 1731
1124 1123 162
1121 441 252
1001 441 21
439 441 15
429 441 522
431 441 6
430 441 51
1002 1003 48
439 1003 2082
1115 1003 897
1124 1003 96
430 1003 1416
446 1003 471
1115 1124 21
1118 1124 6
446 1124 15822
452 433 2922
408 433 1836
412 433 768
1001 431 1767
400 431 3411
442 431 10365
1121 430 840
1001 430 42
439 430 18
441 430 234
1003 430 27
1001 442 666
431 442 3330
108 442 10305
1025 442 30
993 1119 69
418 1119 396
1125 1119 258
101 1125 69
1120 1125 162
1126 1125 210
1016 446 22782
1123 446 510
1003 446 1731
1124 446 39
435 446 1131
453 101 378
418 101 1410
1125 101 135
419 101 45
1127 101 750
452 434 195
993 434 4575
1120 434 1134
159 434 3156
1001 443 9
439 443 72
440 443 375
441 443 30
1025 443 9
1026 443 99
1125 1120 732
434 1120 45
159 1120 141
1126 1120 2373
1016 449 522
1024 449 48
448 449 585
447 449 1137
1026 449 2037
457 449 51
418 419 12
101 419 324
452 435 69
96 435 246
1123 435 6789
446 435 6735
1018 435 318
149 108 14649
107 108 11910
1024 108 3069
456 108 6594
1017 108 5049
442 108 4155
457 108 1098
1019 108 582
150 108 6798
449 447 453
440 1025 78
1026 1025 24
101 1127 33
1016 450 6
96 450 165
448 450 9
1017 450 2202
1019 450 12375
96 1018 846
97 1018 645
435 1018 606
432 158 1488
159 158 2784
451 159 675
434 159 5874
1120 159 2379
158 159 1512
160 159 243
101 1126 2175
1120 1126 9
160 1126 36
456 1026 546
443 1026 522
449 1026 909
1025 1026 456
100 454 48
97 436 855
1018 436 1233
159 160 54
1024 457 177
448 457 384
449 457 438
108 457 78
1019 457 291
432 437 159
157 437 4233
1074 437 444
105 437 1131
437 1074 21
105 1074 24
96 1019 303
448 1019 132
1017 1019 12
108 1019 12579
450 1019 234
457 1019 126
1045 1046 15
99 1046 1353
98 105 18
1092 105 33
1080 105 2940
1073 105 1122
437 105 3228
1074 105 570
100 455 30
104 106 384
1080 106 15
1088 106 693
135 106 1302
107 150 162
1017 150 5745
106 150 9
151 150 606
1080 1088 9
1073 1088 1386
105 1088 9
149 109 15
110 109 27
1128 109 465
1129 109 2415
458 109 552
109 110 48
459 110 486
113 86 36
87 86 9
89 86 15
90 86 15
1130 86 9
453 102 1998
927 102 561
107 151 30
150 151 489
137 151 18
149 111 663
462 111 24
107 111 123
138 111 630
110 112 60
459 112 675
138 112 78
462 135 21
106 135 708
102 135 660
151 135 504
136 135 15
137 135 12
134 136 501
927 136 6
135 136 558
465 136 771
109 1128 21
462 137 18267
107 137 12
1131 1129 2205
1128 1129 39
1132 458 12
109 458 12
1129 458 72
444 458 378
1132 459 348
458 459 123
462 138 174
1132 138 858
133 138 78
111 138 144
112 138 165
461 138 147
1131 444 114
1132 444 12
458 444 36
460 444 291
1132 460 267
461 460 6
136 464 498
1131 445 6
1132 461 12
133 461 402
138 461 30
460 461 1683
463 461 84
1133 461 117
927 472 1323
465 472 141
1134 472 75
473 472 18
134 465 114
927 465 1293
136 465 114
472 465 57
463 465 30
464 463 498
461 463 2550
465 463 486
1133 463 13764
1135 463 138
1134 463 477
467 481 6
479 481 1335
140 481 228
463 1133 2409
1135 1133 3261
463 1135 534
1133 1135 621
1134 1135 12
480 1135 2691
472 1134 27
465 1134 21
463 1134 510
1135 1134 96
480 1134 21
1136 480 2082
472 480 1128
1135 480 141
1134 480 522
473 480 165
472 473 231
140 473 12
141 473 9
926 140 1251
1136 140 330
482 140 570
481 140 1206
473 140 240
141 140 1011
474 140 21
453 103 30
927 103 30
1137 103 15
471 103 12
139 141 63
473 141 15
140 141 210
474 141 198
927 474 204
139 474 108
140 474 12
141 474 12
152 154 420
478 154 378
139 475 162
928 475 12
926 142 675
927 142 270
482 142 72
928 142 198
475 928 162
517 486 453
414 486 1086
477 486 264
1138 414 543
486 414 129
153 476 90
517 476 78
477 476 285
153 477 90
486 477 1344
476 477 291
153 478 396
1139 478 324
485 478 342
154 478 477
489 478 84
492 478 681
154 489 57
478 489 567
470 489 72
492 489 612
1140 489 495
493 489 51
491 489 522
152 470 69
483 470 33
499 470 2172
489 470 1176
490 470 120
484 470 837
498 490 15
488 490 18
470 490 150
1140 490 123
1139 492 501
478 492 21
489 492 195
493 492 18
498 1140 117
490 1140 162
1139 493 1203
492 493 381
491 493 42
498 491 1227
488 491 603
489 491 1143
493 491 636
494 491 1383
1139 494 24
493 494 1158
491 494 36
483 484 450
519 484 801
470 484 66
487 484 351
471 487 51
484 487 6
554 551 201
550 551 9
1141 551 108
1142 551 801
1143 551 4803
552 551 84
1144 1147 147
516 514 249
1145 565 60
1146 565 930
566 565 102
553 565 2205
569 565 777
1147 1144 273
502 1144 651
503 1144 579
508 502 99
1144 502 63
508 503 522
1144 503 243
512 1150 18
504 1150 9
1148 1150 18
1149 1150 69
508 504 6
1150 504 27
1148 504 114
1149 504 39
1150 1148 51
504 1148 39
1149 1148 9
1150 1149 69
504 1149 69
509 1149 48
501 509 36
1151 509 189
511 509 135
1152 509 42
1149 509 69
1153 561 372
511 515 6
516 515 57
499 520 498
521 520 222
512 524 36
527 524 153
528 524 51
1154 524 141
527 907 15
1155 907 6
511 516 438
514 516 165
515 516 216
499 521 12
520 521 255
524 1154 138
527 908 291
909 908 90
527 909 291
908 909 240
1156 531 264
525 531 570
1157 531 6
527 531 345
532 531 12
534 531 42
563 562 33
564 562 1908
1158 562 6
1156 532 123
1157 532 42
531 532 12
1155 532 498
907 1155 159
532 1155 6
536 1155 12
534 1162 15
1159 1162 30
1160 1162 90
1142 1162 12
1161 536 75
539 536 192
525 534 9
531 534 15
1162 534 72
535 534 432
1163 534 27
1160 534 15
560 1161 126
537 1161 48
560 539 6
1153 539 30
537 1141 72
1164 1141 45
1165 1141 6
525 535 360
534 535 288
529 535 561
540 535 108
1166 535 24
569 535 201
534 1163 144
1160 1163 18
1167 1163 30
1166 1163 630
533 529 165
525 529 12
535 529 27
540 529 24
530 529 249
530 1169 192
548 1169 999
1168 540 21
577 540 45
535 540 81
1168 541 927
577 541 1230
533 530 12
526 530 114
529 530 66
1169 530 423
548 530 15
544 548 318
1169 548 231
1152 545 21
546 545 360
547 545 111
1157 537 1413
536 537 570
1141 537 6
1164 537 1110
1170 537 3288
1171 537 4896
1152 546 99
545 546 372
547 546 150
1152 547 87
545 547 48
546 547 375
549 547 189
1152 549 108
544 549 306
547 549 510
1172 549 213
547 1172 18
549 1172 180
1173 1172 201
1172 1173 294
1174 1173 54
1175 1173 150
1176 1173 294
1175 1177 126
603 1177 156
1173 1174 123
1177 1174 210
1176 1174 123
603 1174 48
1178 1174 123
1179 1174 66
1173 1175 411
1177 1175 126
1174 1175 150
1176 1175 636
1173 1176 54
1174 1176 129
1175 1176 951
1177 603 15
1174 603 66
1178 603 84
1142 1159 9
1162 1160 939
534 1160 153
1167 1160 78
1141 1164 600
537 1164 6
551 1142 111
1162 1142 15
1141 1142 45
1159 1142 732
1167 1142 12
1143 1142 42
1163 1167 777
1160 1167 1107
1142 1167 222
1143 1167 27
551 1143 270
1167 1143 3126
1146 1143 1395
537 1170 4890
1171 1170 777
1180 1170 1323
1181 1170 369
1182 1170 2010
555 1170 3000
564 1170 1230
1183 1170 24
1158 1170 594
1141 1171 12
1170 1171 702
1165 1171 5061
551 1165 4011
1142 1165 777
1171 1165 42
555 1165 21
535 1166 165
1163 1166 1014
1146 1166 18
1161 1180 99
1170 1180 24
1181 1180 624
1143 1146 819
1166 1146 1095
552 1146 1020
553 1146 1038
1145 566 294
565 566 18
556 566 216
569 566 648
559 566 27
1184 566 24
564 1185 48
1170 1181 72
1180 1181 33
1185 1181 1209
564 1181 9
1170 1182 921
1171 1182 702
564 1182 483
1183 1182 306
554 552 15
1146 552 1020
553 552 6
538 563 336
562 563 2373
1186 563 12
1158 563 9
550 555 1212
1165 555 369
1182 555 654
1183 555 84
557 555 1641
554 553 297
550 553 432
1145 553 60
565 553 2001
1146 553 1257
552 553 51
556 553 24
538 564 2481
1170 564 2367
1185 564 24
1181 564 12
563 564 513
1158 564 2322
1186 1189 1335
558 1189 3975
1187 1189 3453
1188 1189 6564
1170 1183 6
1182 1183 261
555 1183 189
1158 1183 1866
550 556 750
1145 556 594
566 556 774
553 556 387
563 1186 153
1189 1186 1842
1158 1186 1698
1188 1186 243
1190 1186 1620
550 557 2154
555 557 1026
1183 557 1239
558 557 1095
559 557 2139
1170 1158 240
1181 1158 1056
563 1158 2733
564 1158 5748
1189 1158 24
1183 1158 1296
1186 1158 3420
557 1158 1047
1189 558 2154
1183 558 243
557 558 4917
1158 558 843
565 569 2772
535 569 786
566 569 303
1184 569 2274
570 569 447
156 569 150
542 569 30
550 559 186
566 559 261
556 559 2310
1184 559 1866
1187 559 645
566 1184 78
569 1184 3318
559 1184 318
570 1184 258
571 1184 813
1189 1187 642
559 1187 2340
1184 1187 9
571 1187 1398
572 1187 924
1189 1188 3303
1186 1188 642
1190 1188 1317
573 1188 4365
155 570 99
569 570 423
155 571 897
1184 571 702
1187 571 63
572 571 708
1158 1190 297
1188 1190 39
374 1190 2946
573 1190 1191
155 572 573
1187 572 87
571 572 363
573 572 336
542 572 3123
373 374 2550
1190 374 393
1191 573 726
1188 573 126
1190 573 1671
572 573 3000
568 156 9
569 156 24
425 1194 351
422 1194 171
427 1194 714
428 1194 387
567 375 327
567 376 333
1191 376 39
543 376 1179
561 1153 9
576 1153 216
78 576 30
1153 576 6
84 576 120
1192 576 9
580 424 183
576 424 57
1192 424 699
543 424 114
568 542 615
1168 542 2244
155 542 315
569 542 387
156 542 204
420 421 285
401 421 636
402 421 222
422 421 711
575 585 18
613 585 30
583 585 30
1174 1178 48
603 1178 36
617 1178 177
620 617 312
1178 617 141
1193 617 402
584 84 60
78 84 9
576 84 9
78 1192 9
423 1192 36
576 1192 18
424 1192 93
79 1192 672
420 403 45
577 403 6
402 403 42
404 403 366
1179 403 9
580 425 240
1194 425 120
401 404 42
403 404 321
422 404 42
1179 404 438
665 679 18
681 679 33
678 679 15
401 422 900
1194 422 1533
421 422 687
1179 422 81
574 79 171
578 79 678
1192 79 120
80 79 402
496 79 264
1174 1179 72
403 1179 105
422 1179 6
1195 1179 54
574 80 237
578 80 150
79 80 195
81 80 240
427 426 75
1194 427 9
426 427 261
1194 428 12
427 428 9
578 81 15
78 81 294
80 81 96
497 81 129
1196 648 1026
1197 648 2490
1198 648 135
601 648 2193
649 648 51
651 648 603
423 496 75
79 496 135
578 497 33
495 497 90
81 497 246
1199 586 567
628 586 573
587 586 408
1200 586 687
495 579 18
582 579 429
497 579 42
580 1195 30
1174 1195 6
423 583 30
585 583 42
617 1193 441
1199 587 105
586 587 141
588 587 174
1200 587 99
620 618 147
1201 618 96
615 621 294
619 621 9
1201 621 84
615 619 72
621 619 24
1201 619 9
1202 619 546
1199 588 279
587 588 54
1200 588 1212
589 588 39
614 1201 213
618 1201 291
621 1201 459
619 1201 525
619 1202 57
83 622 228
623 622 90
625 622 213
623 625 120
622 625 567
586 1200 30
587 1200 168
588 1200 339
1203 1200 1578
627 633 6
634 633 15
627 634 12
633 634 429
635 634 21
627 635 471
634 635 873
589 635 141
1199 589 2124
635 589 1878
41 1239 234
1204 1239 639
36 1239 300
37 1239 1350
1200 1203 165
1205 1203 792
1206 1203 93
592 1203 195
1203 1205 90
1206 1205 168
641 639 708
644 639 963
1203 1206 63
1205 1206 69
592 1206 93
637 644 642
639 644 723
630 592 93
586 592 147
1200 592 81
1206 592 33
590 632 180
513 595 18
1197 1198 234
648 1198 840
601 1198 105
650 1198 333
600 1207 30
597 600 96
1207 600 402
1208 1211 15
1209 1210 72
657 1210 1827
1210 1209 96
657 1209 90
658 1209 48
1211 1208 726
645 1208 336
602 601 1230
1198 601 1422
647 601 189
1212 645 276
1208 645 1542
646 645 855
1213 645 105
1212 646 33
1196 646 96
645 646 339
1212 647 735
1196 647 423
601 647 33
645 1213 2817
651 1213 7479
654 1213 2649
1214 657 7407
1210 657 1350
1209 657 711
658 657 552
1196 649 1380
651 649 36
1198 650 606
606 650 2646
1214 658 48
1209 658 45
657 658 294
1197 651 1509
648 651 5850
1213 651 3699
649 651 1860
654 651 381
1197 652 9
654 652 162
1215 652 660
611 606 1821
650 606 285
1216 606 3192
1197 653 954
650 653 582
1217 653 3090
1215 653 483
1218 653 1530
1213 654 318
651 654 927
652 654 240
1219 654 3186
653 1217 315
607 1217 438
1220 1217 1737
1214 659 780
662 659 1236
1219 660 1452
609 660 1056
611 1216 570
653 1216 1821
652 1215 264
653 1215 411
1217 607 57
1216 607 117
653 1218 201
1221 1218 3060
636 608 15
610 608 762
654 1219 246
660 1219 1056
1221 1219 2319
669 1219 2457
663 670 276
671 670 636
1222 1221 1131
1218 1221 1572
1219 1221 1944
638 671 216
670 671 342
672 671 162
653 1220 1632
638 672 24
671 672 51
664 672 117
636 669 27
1223 669 2139
1219 669 165
1224 1229 219
636 609 180
641 609 921
661 609 5181
663 609 402
638 609 3822
659 609 1380
660 609 1452
636 610 288
1223 610 234
608 610 1512
1225 664 786
672 664 84
640 664 48
612 666 735
668 666 69
641 640 1017
638 640 1299
1226 992 228
991 992 18
681 680 81
678 680 30
1226 680 6
666 667 48
991 1104 6
1105 1104 12
612 668 342
665 668 18
991 668 45
666 668 678
992 668 216
667 668 306
678 682 1095
1226 682 1287
991 682 465
992 682 198
668 682 1449
1105 682 93
683 682 1782
1104 1105 432
665 675 75
679 675 48
683 675 15
1224 675 12
678 683 171
682 683 1512
675 683 390
684 683 21
686 683 657
687 683 765
1224 683 117
1227 684 261
1228 684 330
1229 684 408
683 684 669
685 684 36
687 684 36
1224 684 243
1230 684 363
1227 685 141
1228 685 1308
684 685 321
688 685 24
1227 686 1059
682 686 1590
1105 686 546
683 686 1512
687 686 288
688 686 687
1227 687 51
684 687 648
685 687 222
1229 1224 6
675 1224 141
665 676 213
1228 676 396
674 676 348
1230 676 369
691 676 435
1227 688 363
685 688 1092
686 688 4239
1231 688 1902
677 1233 519
689 1233 21
1232 1233 57
1231 1233 258
1229 1230 354
684 1230 78
676 1230 6
1233 689 336
1233 1232 1131
689 1232 519
1231 1232 108
1234 1236 474
1235 1236 711
132 1236 555
677 690 495
688 1231 1041
689 1231 111
1232 1231 2514
691 1231 2265
1228 691 201
685 691 99
676 691 231
688 691 51
1231 691 2265
1236 1234 375
32 30 153
35 30 165
32 35 249
1237 35 576
30 35 252
31 35 369
28 31 243
1238 31 27
35 31 270
1239 1204 552
36 1204 204
37 1204 363
1237 36 1299
1204 36 318
41 37 1428
1239 37 1923
36 37 1299
41 40 1143
28 1241 33
1240 1241 12
28 34 468
1241 34 336
1240 34 225
1241 1240 186
34 1240 123
39 42 327
1242 43 156
42 43 435
131 53 126
1243 53 255
692 53 147
55 53 27
56 53 78
130 655 105
1243 655 66
693 655 186
56 655 27
1243 692 156
693 692 66
55 692 621
704 127 9
1244 127 138
705 127 21
1234 127 102
123 127 6
1245 127 459
132 127 645
55 127 123
1244 123 2640
161 123 705
129 123 534
127 123 462
1246 123 1131
162 123 36
124 123 549
656 123 45
127 1245 6
1235 1245 225
1236 1246 834
123 1246 2043
132 1246 1251
162 1246 561
1247 1246 636
1236 1235 21
1245 1235 276
52 132 405
1236 132 891
1234 132 285
127 132 192
1246 132 483
1247 132 63
55 132 717
128 162 147
123 162 111
1246 162 798
1247 162 42
52 1247 48
1246 1247 318
132 1247 42
54 1247 1128
1243 693 141
655 693 114
692 693 918
656 693 597
1248 1252 12
1249 1252 30
1250 1252 51
1251 1252 159
1244 124 117
123 124 807
656 124 213
694 124 318
131 54 219
52 54 159
128 54 660
162 54 579
1247 54 114
56 54 186
1252 1248 882
1249 1248 291
1250 1248 432
656 1248 609
131 55 213
705 55 324
53 55 57
692 55 270
132 55 246
693 55 285
1249 55 690
656 55 54
1253 55 57
1254 55 312
1248 1249 1089
1253 1249 732
1254 1249 294
1252 1250 33
1248 1250 237
694 1250 168
129 656 1281
123 656 567
693 656 246
124 656 492
1248 656 771
55 656 432
694 656 924
131 56 681
128 56 2340
130 56 708
1243 56 1923
53 56 423
54 56 51
1255 694 147
124 694 36
1250 694 426
656 694 363
1256 694 417
1251 694 51
1252 1253 6
1249 1253 6
698 1262 45
1257 1262 237
1258 1262 165
1259 1262 36
1260 1262 96
1261 1262 183
702 1262 24
694 1256 42
55 1254 114
1249 1254 138
1253 1254 108
1004 698 270
1262 698 306
700 698 240
1259 698 66
701 698 459
1263 698 15
702 698 2031
1255 1251 51
1252 1251 21
697 699 93
1006 699 54
703 699 177
1264 699 471
1265 699 108
126 699 63
118 122 411
1257 122 1506
695 122 138
1258 122 174
1266 122 234
1262 1257 84
122 1257 1284
1258 1257 21
1260 1257 81
1004 700 51
702 700 6
703 700 195
1265 700 54
126 700 129
121 695 534
122 695 948
701 695 1911
1260 695 234
1263 695 228
1258 1268 150
1266 1268 48
125 1268 351
1267 1273 309
714 1273 66
121 696 90
701 696 27
1262 1258 144
122 1258 156
1257 1258 78
1268 1258 6
1266 1258 201
1269 1258 39
125 1258 120
698 1259 75
1260 1259 18
1263 1259 21
1004 701 756
697 701 1044
698 701 42
695 701 3912
696 701 192
1270 701 9
1005 701 378
1263 701 2292
701 1270 1059
1271 1270 312
1005 1270 339
1258 1266 12
1270 1271 222
1005 1271 57
1272 1271 123
697 1005 1152
701 1005 6
1270 1005 432
1271 1005 15
1006 1005 84
1257 1260 33
1259 1260 33
698 1263 1650
1259 1263 282
701 1263 363
1260 1263 15
1271 1272 264
1005 1272 267
1006 1272 2421
1264 1272 780
1262 1261 447
1258 1261 15
1269 1261 1833
702 1261 1269
697 1006 1092
699 1006 462
1005 1006 915
1272 1006 72
1264 1006 15
1258 1269 336
1261 1269 1734
125 1269 1719
698 702 1080
700 702 138
1261 702 1992
697 703 177
699 703 18
700 703 165
1265 703 219
1244 125 858
1268 125 588
1258 125 24
1269 125 2163
126 125 129
699 1264 129
1272 1264 66
1006 1264 90
126 1264 759
703 1265 18
126 1265 6
718 713 15
727 713 324
1244 126 663
699 126 174
700 126 87
1269 126 195
702 126 81
1264 126 201
1265 126 96
706 710 171
711 710 366
708 710 384
718 714 900
1273 714 114
715 714 201
1274 714 447
751 758 321
754 758 105
1275 758 27
756 758 516
1276 758 48
1267 715 1335
714 715 153
1277 715 252
1278 715 171
1267 716 2259
715 716 318
1279 716 1020
1278 716 1872
1280 716 114
716 1279 4683
1281 1279 2571
728 1279 2331
715 1277 246
1278 1277 21
719 1277 30
754 759 18
1282 759 6
757 759 30
714 1274 51
719 1274 54
1279 1281 2238
1283 1281 1707
729 1281 2280
1284 766 258
762 766 84
715 1278 162
716 1278 483
1277 1278 324
719 1278 738
1285 1278 1236
720 1289 1308
723 1289 3090
721 1287 33
724 1287 786
1286 720 1611
723 720 48
1286 721 246
1287 721 168
1286 722 162
712 722 150
729 722 15
1288 722 1296
1286 723 6
1289 723 5217
720 723 963
729 723 2961
726 723 726
1286 724 417
1287 724 1287
1286 725 9
722 725 114
1288 725 165
1290 725 42
1291 725 168
591 748 60
716 1280 60
1285 1280 336
728 1280 288
1292 1280 660
1293 719 165
1274 719 105
1278 719 33
732 734 87
741 734 156
735 734 21
591 749 66
1293 1285 72
1278 1285 237
1280 1285 72
1292 1285 483
1281 1283 270
1294 1283 330
728 1283 741
1283 1294 66
728 1294 183
729 1294 900
712 728 1380
1279 728 18
1280 728 1245
1283 728 225
1294 728 1497
1292 728 1011
737 1295 150
742 1295 396
739 1295 75
740 1295 525
741 737 255
736 737 183
1295 737 156
742 737 240
739 737 42
736 742 303
1295 742 405
737 742 462
739 742 153
752 1296 36
753 752 21
1296 752 36
743 752 6
1297 752 189
1281 729 2967
722 729 87
723 729 1875
728 729 1050
1280 1292 531
1285 1292 9
728 1292 1041
1286 726 417
722 726 141
723 726 60
722 1288 273
725 1288 735
725 1290 9
1298 730 159
1291 730 492
1299 730 381
738 730 54
1291 1300 6
725 1291 93
730 1291 555
1300 1291 21
731 1291 45
1298 731 357
1291 731 168
1299 731 291
730 1299 198
731 1299 369
717 733 48
732 733 39
732 735 51
734 735 30
730 735 6
1301 735 24
738 735 18
735 1301 117
738 1301 651
741 738 270
730 738 327
735 738 42
1301 738 225
741 739 21
736 739 219
1295 739 360
740 739 30
736 743 24
752 743 141
1295 740 66
739 740 345
752 1297 75
1282 1302 42
755 1302 897
761 1302 183
760 1302 60
759 1282 30
1302 1282 78
760 1282 18
744 1303 51
746 744 339
1303 744 264
746 745 153
591 750 21
758 1275 621
1276 1275 408
1304 1275 297
751 755 696
1302 755 102
1282 755 84
757 755 39
758 756 93
1305 756 9
759 757 21
1282 757 84
755 757 24
751 1307 6
761 1307 222
758 1305 630
1275 1305 828
1306 761 372
1302 761 999
1282 761 60
1307 761 816
760 761 72
763 761 150
766 1284 6
754 760 456
759 760 285
1302 760 57
1282 760 429
761 760 234
1276 760 1038
763 760 1113
754 1276 6
1275 1276 702
760 1276 579
763 1276 183
1304 1276 291
1306 762 24
764 762 111
766 762 651
761 762 168
1306 763 1581
764 763 873
761 763 933
760 763 2820
1276 763 489
1304 763 18
767 763 240
1305 1304 120
1276 1304 246
763 1304 723
768 767 111
764 767 6
763 767 9
771 774 144
775 774 252
771 775 69
774 775 126
786 1310 390
782 1310 36
1308 1310 552
747 770 216
772 777 276
779 777 48
771 776 27
773 776 132
810 776 18
1309 776 18
1308 776 27
780 786 96
1310 786 51
782 786 24
787 786 582
1308 786 114
785 782 150
780 782 534
781 782 228
810 782 195
1310 782 1293
786 782 528
785 779 306
777 779 333
776 1309 27
787 1309 18
780 787 9
786 787 33
1309 787 132
780 783 129
776 1308 96
786 1308 105
781 788 2055
810 788 240
789 788 756
790 788 258
795 788 198
792 788 369
1311 788 6
781 789 159
788 789 669
1312 789 222
795 789 105
792 789 438
1313 794 27
798 794 63
1314 794 285
1311 794 690
799 794 132
1315 794 699
789 1312 168
795 1312 6
1316 1312 189
781 790 6
788 790 18
795 790 288
1313 795 546
788 795 2562
789 795 54
1312 795 423
790 795 468
1316 795 1923
1317 795 30
792 795 711
796 795 816
797 795 366
1318 795 834
1319 795 234
1320 795 984
1321 795 27
800 795 972
1322 795 999
1323 795 75
1312 1316 270
795 1316 1098
795 1317 57
1318 1317 138
1319 1317 69
1321 1317 6
800 1317 63
1324 1317 102
1323 1317 252
810 792 153
789 792 12
795 792 36
1320 792 81
1325 792 372
1322 792 21
793 792 864
1313 796 171
788 796 225
795 796 36
798 796 54
1314 796 144
1313 797 462
795 797 138
1321 797 69
800 797 27
1313 1318 198
795 1318 768
1317 1318 438
797 1318 90
1319 1318 204
1321 1318 873
800 1318 96
1313 798 96
794 798 27
796 798 447
1314 798 156
788 1314 12
794 1314 99
798 1314 15
795 1319 69
1317 1319 441
795 1320 171
792 1320 144
792 1325 30
1322 1325 45
1317 1321 249
1318 1321 750
1319 1321 54
800 1321 540
1324 1321 489
1313 800 1158
1326 800 258
795 800 1962
1317 800 150
797 800 660
1318 800 6
1321 800 942
1324 800 2316
799 800 1095
801 800 2022
802 800 591
788 1311 330
794 1311 27
1315 1311 6
1317 1324 48
1321 1324 42
800 1324 315
801 1324 21
1323 1324 2154
803 1324 438
804 1324 369
792 1322 51
1325 1322 354
1313 799 30
794 799 1326
800 799 93
1315 799 159
802 799 186
794 1315 69
1311 1315 12
799 1315 51
1326 801 1014
800 801 546
1324 801 507
802 801 42
803 801 822
795 1323 1929
1324 1323 24
804 1323 9
1326 802 84
800 802 24
799 802 843
801 802 165
803 802 57
1326 803 537
801 803 747
802 803 9
804 803 330
1324 804 63
1323 804 105
803 804 138
1327 808 402
806 808 15
1326 805 1614
1328 805 372
802 805 480
806 805 2988
807 805 699
808 806 579
805 806 2094
1328 807 414
805 807 1116
810 793 96
792 793 171
709 809 210
811 809 279
1329 809 456
65 833 213
1330 833 111
834 833 105
791 814 243
778 61 18
778 62 36
59 62 141
1331 1333 15
836 1333 54
778 63 207
828 63 69
817 829 21
1332 829 612
831 829 69
825 829 345
821 825 423
817 825 315
820 825 21
822 825 300
829 825 186
827 825 60
60 818 99
821 826 81
822 826 195
823 826 93
821 823 255
822 823 93
828 827 33
826 827 18
1333 1331 78
1334 1331 93
838 1331 180
839 1331 60
832 1337 102
1335 1340 1170
1336 1340 207
830 832 357
1337 832 315
1338 832 267
832 1338 417
1330 1338 186
1339 1338 48
833 1330 39
1338 1330 501
1335 1330 141
1340 1335 708
1330 1335 429
834 1335 327
1331 1334 285
836 1334 615
838 1334 54
65 834 9
833 834 423
1335 834 294
65 835 195
838 835 312
1341 1373 165
1342 1373 723
1343 1373 153
65 1336 57
1340 1336 1143
836 1336 207
1333 836 588
1334 836 1056
1336 836 1293
838 836 363
1338 1339 12
840 838 759
835 838 372
836 838 2622
840 839 153
837 839 60
1331 839 75
71 66 36
65 66 1215
837 66 1083
842 1361 93
1344 1361 1659
845 1361 54
71 67 1443
1345 841 12
845 841 288
864 860 66
861 860 198
1346 860 36
1347 860 279
1348 860 567
71 68 1353
67 68 27
69 68 57
842 68 129
1349 1362 4512
1350 1362 33
1351 1353 30
1352 1353 9
1349 1364 195
844 1364 450
1353 1351 372
1354 1351 336
1352 1351 297
1355 1357 885
851 1357 135
852 1357 21
848 1357 144
849 1357 318
1351 1354 1419
1356 1354 48
1357 1355 441
852 1355 42
1358 1355 198
1359 850 378
1360 850 1635
847 850 327
853 850 33
1351 1352 6
71 69 18
68 69 24
1359 851 120
1357 851 105
847 851 102
848 851 87
1345 842 168
1361 842 2028
68 842 1602
69 842 282
856 1367 12
1362 1356 912
1354 1356 1407
843 1356 2376
1363 1356 1401
1345 843 4851
841 843 15
1356 843 144
1359 852 558
1357 852 141
1355 852 507
846 852 276
1361 1344 192
70 1344 1152
1364 1349 726
1356 1349 438
843 1349 2949
844 1349 231
857 846 234
1359 846 6
1365 846 15
850 1360 93
856 1360 1740
71 70 270
1344 70 210
1366 844 495
1364 844 39
1349 844 36
1366 845 69
1361 845 87
841 845 48
857 854 72
857 847 384
850 847 2109
851 847 267
848 847 12
847 848 84
857 855 117
1365 856 894
1367 856 600
1360 856 90
854 856 834
853 856 21
1359 853 1320
850 853 231
1360 853 402
856 853 807
1368 1370 993
1369 1370 4554
1342 1370 1140
1370 1368 4374
1341 1368 1005
1369 1372 717
1371 1372 5868
1342 1372 54
862 1372 951
1371 858 1875
849 858 3444
1370 1369 942
1372 1369 4554
72 1371 21
1372 1371 219
858 1371 5814
861 1371 1545
1373 1341 243
1368 1341 4611
1342 1341 2553
1343 1341 213
1374 1341 1707
857 849 2568
72 849 666
1357 849 969
1373 1342 339
1370 1342 2250
1372 1342 495
1369 1342 648
1341 1342 66
862 1342 2634
1375 1376 1503
1347 1376 48
859 866 123
865 866 132
864 861 363
860 861 390
1371 861 402
862 861 111
1346 861 2091
864 862 525
1372 862 2511
1342 862 1218
861 862 984
863 862 4695
860 1346 312
1371 1346 78
861 1346 66
1347 1346 1539
1376 1375 51
1358 1375 1035
860 1347 90
1376 1347 1833
1346 1347 108
1348 1347 198
864 863 126
859 863 1167
862 863 1821
867 863 3237
1355 1358 75
1375 1358 225
1373 1343 399
1341 1343 6
859 867 126
865 867 2724
863 867 1764
870 867 675
860 1348 204
1347 1348 174
868 1348 336
1377 1348 288
859 868 234
866 868 66
1348 868 555
872 870 555
867 870 2175
1348 1377 12
873 875 90
876 875 54
1378 875 1062
1379 875 795
865 874 18
875 876 21
875 1378 30
1379 1378 606
872 871 18
1380 871 369
871 1380 33
1378 1379 36
1363 1383 12
1381 1383 6
1382 1383 1005
1356 1363 180
1383 1363 1137
1382 1363 72
1350 1363 99
1383 1381 12
1382 1381 12
1383 1382 414
1363 1382 207
1381 1382 597
1350 1382 1053
1350 1385 4938
877 1385 819
1362 1350 3633
1363 1350 300
1382 1350 1005
877 1350 1167
1384 877 1068
1385 877 36
1384 878 729
1386 878 642
1387 878 1290
1341 1374 4788
881 1374 1683
878 1386 6
1385 1389 6096
1388 1389 72
878 1387 2271
1389 1387 6081
1390 1387 1467
1388 1387 306
1390 1393 63
1391 1393 165
881 1393 15
882 1393 27
1392 1395 207
884 1395 36
1386 1390 27
1387 1390 117
1393 1390 132
881 1390 1677
1393 1391 48
1392 1391 135
882 1391 9
1394 1391 36
1389 1388 510
1387 1388 8271
1390 1388 393
881 1388 30
1395 1392 57
1391 1392 66
1394 1392 288
1396 881 1128
1374 881 4788
1393 881 363
1390 881 159
1388 881 9885
883 881 201
1397 879 888
1398 879 66
884 879 48
1393 882 36
1391 882 363
1394 882 45
1398 884 117
1395 884 381
1399 884 24
882 1394 6
1398 885 621
884 885 108
1400 885 27
1401 885 681
884 1399 612
1400 1399 6
1397 880 12
1398 880 12
886 1407 3645
1402 1407 69
1403 1407 1176
1404 1407 4395
888 1407 2346
1396 883 14220
1392 883 978
1400 883 1800
1405 883 549
1404 883 1626
1406 886 2160
1407 886 3210
1408 886 1050
888 886 765
885 1400 1170
1399 1400 1167
883 1400 4968
1405 1400 591
1400 1405 531
1403 1405 30
1404 1405 609
1398 1401 1590
885 1401 621
1408 1401 15
1407 1402 15
1404 1402 939
888 1402 657
1409 1402 81
889 1402 198
886 1408 27
1401 1408 429
1403 1408 6
892 1408 423
1405 1403 12
1401 1403 1221
1408 1403 27
1404 1403 36
1407 1404 7023
883 1404 9219
1400 1404 3150
1405 1404 18
1402 1404 336
1403 1404 12
1410 1412 489
1411 892 144
1412 892 795
1410 892 39
1406 887 24
1411 887 228
892 887 822
1406 888 3813
886 888 1737
1402 888 30
889 888 165
1412 1410 18
1413 1410 255
1414 1417 633
890 1417 174
1415 1417 1050
1416 1417 2634
1402 1409 6
1406 889 840
888 889 231
1409 889 198
1415 889 3033
1417 1414 993
890 1414 18
891 1414 492
893 1414 396
1416 1414 228
1418 1414 183
1419 1414 30
1420 1414 144
1421 1414 180
1422 1413 27
1406 890 807
1414 890 456
891 890 156
1406 891 174
887 891 90
1414 891 1146
890 891 135
893 891 1353
1417 1415 2616
889 1415 840
1417 1423 1014
1415 1423 24
1416 1423 9
1411 893 414
1414 893 42
891 893 15
1422 893 615
1419 893 603
1414 1416 561
1423 1416 1194
1418 1416 42
1424 1416 603
1425 1416 474
898 1416 2577
1413 1422 111
893 1422 24
1419 1422 18
1414 1418 42
1416 1418 36
1425 1418 15
1421 1418 99
893 1419 24
1422 1419 66
1420 1419 9
1421 1419 9
897 895 486
896 895 111
1416 1424 1146
1425 1424 6
1416 1425 18
1418 1425 156
1424 1425 12
1421 1425 96
1414 1420 30
896 1426 24
899 1426 9
1414 1421 6
1419 1421 42
1420 1421 72
894 896 24
1426 896 423
894 898 2577
1416 898 708
1424 898 741
1425 898 213
1426 898 39
894 899 486
896 899 9
904 902 39
85 902 162
89 902 594
900 903 390
87 903 441
90 903 588
905 87 642
904 87 207
85 87 579
86 87 39
903 87 1155
89 87 903
1130 87 1653
113 89 42
94 89 459
904 89 18
86 89 36
902 89 558
87 89 231
900 90 162
86 90 27
903 90 465
1130 90 24
86 1130 123
87 1130 1206
541 543 135
376 543 366
1153 543 60
576 543 6
424 543 1167
